0 0.2078125 0.1796875 0.0265625 0.0125
0 0.10546875 0.11171875 0.0234375 0.009375
0 0.20859375 0.025 0.0265625 0.0140625
0 0.40546875 0.0203125 0.0171875 0.009375
0 0.54765625 0.0171875 0.0234375 0.009375
0 0.5328125 0.10390625 0.021875 0.0109375
0 0.6078125 0.03203125 0.0171875 0.0078125
0 0.54609375 0.175 0.0265625 0.0140625
0 0.72421875 0.02734375 0.0171875 0.00625
0 0.790625 0.0734375 0.01875 0.009375
0 0.6765625 0.26328125 0.03125 0.0125
0 0.33203125 0.859375 0.0609375 0.03125
0 0.71171875 0.98671875 0.0609375 0.0265625
0 0.81796875 0.7140625 0.0515625 0.0265625
0 0.4953125 0.596875 0.0484375 0.0265625
0 0.25625 0.53046875 0.046875 0.021875
0 0.584375 0.4390625 0.04375 0.0234375
0 0.89765625 0.528125 0.0390625 0.021875