0 0.11953125 0.91484375 0.065625 0.0203125
0 0.4359375 0.88203125 0.059375 0.01875
0 0.7078125 0.90078125 0.075 0.021875
0 0.6015625 0.70859375 0.0546875 0.021875
0 0.2109375 0.6109375 0.0390625 0.0203125
0 0.3921875 0.509375 0.0484375 0.01875
0 0.67265625 0.415625 0.05 0.0109375
0 0.5109375 0.309375 0.0390625 0.01875
0 0.3671875 0.27421875 0.040625 0.0125
0 0.478125 0.1171875 0.0328125 0.015625
0 0.2828125 0.0875 0.028125 0.015625
0 0.1421875 0.15234375 0.0296875 0.009375
0 0.08828125 0.071875 0.0203125 0.0140625
0 0.97890625 0.92265625 0.0421875 0.0171875